Accuracy: 0.9953656596529695
F1Score: 0.995575167729854
ROC_AUC: 0.9996932197954594
