Accuracy: 0.996687732640149
F1Score: 0.9968555358741149
ROC_AUC: 0.999809873655713
