Accuracy: 0.9968855076386693
F1Score: 0.9970428801292316
ROC_AUC: 0.9998352185219994
